NumberOfTopics,Precision_F,Recall_F,F-Measure_F,Precision_B,Recall_B,F-Measure_B,Precision_W,Recall_W,F-Measure_W
10,0.731,0.809,0.768,0.674,0.57,0.618,0.708,0.711,0.707
20,0.747,0.818,0.781,0.696,0.6,0.644,0.726,0.729,0.725
30,0.767,0.773,0.77,0.669,0.662,0.666,0.727,0.728,0.727
40,0.781,0.809,0.795,0.709,0.672,0.69,0.751,0.753,0.752
50,0.762,0.78,0.771,0.671,0.649,0.66,0.725,0.726,0.725
60,0.757,0.784,0.77,0.671,0.636,0.653,0.722,0.723,0.722
70,0.738,0.768,0.753,0.645,0.607,0.625,0.7,0.702,0.7
80,0.784,0.775,0.779,0.681,0.692,0.686,0.742,0.741,0.741
90,0.742,0.773,0.757,0.652,0.613,0.632,0.705,0.707,0.706
100,0.752,0.777,0.764,0.662,0.63,0.645,0.715,0.717,0.716
110,0.731,0.761,0.746,0.634,0.597,0.615,0.692,0.694,0.692
120,0.766,0.775,0.771,0.67,0.659,0.664,0.727,0.728,0.727
130,0.721,0.752,0.736,0.619,0.58,0.599,0.679,0.682,0.68
140,0.721,0.741,0.731,0.611,0.587,0.599,0.676,0.678,0.677
150,0.734,0.734,0.734,0.616,0.616,0.616,0.686,0.686,0.686