NumberOfTopics,Precision_F,Recall_F,F-Measure_F,Precision_B,Recall_B,F-Measure_B,Precision_W,Recall_W,F-Measure_W
10,0.703,0.786,0.742,0.628,0.521,0.57,0.673,0.678,0.672
20,0.712,0.836,0.769,0.684,0.511,0.585,0.701,0.703,0.694
30,0.77,0.77,0.77,0.669,0.669,0.669,0.729,0.729,0.729
40,0.717,0.773,0.744,0.631,0.561,0.594,0.682,0.686,0.682
50,0.751,0.793,0.771,0.675,0.62,0.646,0.72,0.722,0.72
60,0.758,0.795,0.776,0.682,0.633,0.656,0.727,0.729,0.727
70,0.746,0.741,0.743,0.63,0.636,0.633,0.698,0.698,0.698
80,0.762,0.766,0.764,0.66,0.656,0.658,0.721,0.721,0.721
90,0.736,0.741,0.738,0.623,0.616,0.619,0.689,0.69,0.69
100,0.761,0.718,0.739,0.624,0.675,0.649,0.705,0.701,0.702
110,0.71,0.745,0.727,0.604,0.561,0.582,0.667,0.67,0.668
120,0.767,0.755,0.761,0.654,0.669,0.661,0.721,0.719,0.72
130,0.749,0.677,0.711,0.591,0.672,0.629,0.684,0.675,0.677
140,0.718,0.764,0.74,0.625,0.567,0.595,0.68,0.683,0.68
150,0.713,0.841,0.772,0.69,0.511,0.588,0.704,0.706,0.696