NumberOfTopics,Precision_F,Recall_F,F-Measure_F,Precision_B,Recall_B,F-Measure_B,Precision_W,Recall_W,F-Measure_W
10,0.692,0.875,0.773,0.668,0.392,0.494,0.683,0.687,0.664
20,0.744,0.817,0.779,0.663,0.562,0.608,0.712,0.717,0.712
30,0.759,0.821,0.789,0.68,0.594,0.634,0.728,0.732,0.728
40,0.758,0.824,0.79,0.682,0.59,0.632,0.728,0.732,0.728
50,0.79,0.835,0.812,0.717,0.654,0.684,0.761,0.764,0.762
60,0.775,0.818,0.796,0.689,0.629,0.658,0.741,0.744,0.742
70,0.786,0.818,0.802,0.697,0.654,0.674,0.751,0.754,0.752
80,0.782,0.829,0.805,0.706,0.64,0.671,0.752,0.755,0.753
90,0.791,0.824,0.807,0.707,0.66,0.682,0.758,0.76,0.759
100,0.794,0.839,0.816,0.724,0.66,0.69,0.767,0.769,0.767
110,0.781,0.836,0.808,0.713,0.634,0.671,0.754,0.757,0.754
120,0.789,0.824,0.806,0.705,0.656,0.68,0.756,0.759,0.757
130,0.793,0.831,0.812,0.715,0.661,0.687,0.762,0.765,0.763
140,0.796,0.827,0.811,0.712,0.668,0.689,0.763,0.765,0.763
150,0.792,0.826,0.808,0.709,0.661,0.684,0.759,0.761,0.76