NumberOfTopics,Precision_F,Recall_F,F-Measure_F,Precision_B,Recall_B,F-Measure_B,Precision_W,Recall_W,F-Measure_W
10,0.765,0.93,0.84,0.62,0.286,0.391,0.724,0.746,0.712
20,0.804,0.865,0.834,0.583,0.472,0.522,0.741,0.753,0.745
30,0.825,0.882,0.852,0.642,0.531,0.581,0.773,0.782,0.775
40,0.843,0.884,0.863,0.668,0.587,0.625,0.793,0.799,0.795
50,0.854,0.882,0.868,0.678,0.623,0.649,0.804,0.808,0.805
60,0.837,0.88,0.858,0.656,0.571,0.61,0.785,0.792,0.787
70,0.844,0.89,0.866,0.681,0.587,0.63,0.797,0.804,0.799
80,0.806,0.883,0.843,0.615,0.468,0.531,0.752,0.765,0.754
90,0.826,0.853,0.839,0.599,0.551,0.574,0.761,0.767,0.764
100,0.828,0.896,0.861,0.673,0.535,0.596,0.784,0.793,0.786
110,0.838,0.893,0.865,0.679,0.568,0.619,0.793,0.8,0.795
120,0.827,0.904,0.864,0.687,0.527,0.596,0.787,0.797,0.788
130,0.832,0.887,0.859,0.661,0.551,0.601,0.783,0.791,0.785
140,0.811,0.907,0.856,0.667,0.469,0.551,0.77,0.782,0.769
150,0.836,0.869,0.852,0.636,0.574,0.603,0.779,0.785,0.781