NumberOfTopics,Precision_F,Recall_F,F-Measure_F,Precision_B,Recall_B,F-Measure_B,Precision_W,Recall_W,F-Measure_W
10,0.685,0.814,0.744,0.631,0.459,0.531,0.662,0.668,0.657
20,0.729,0.766,0.747,0.636,0.59,0.612,0.691,0.694,0.692
30,0.735,0.761,0.748,0.637,0.603,0.62,0.695,0.697,0.695
40,0.733,0.757,0.745,0.632,0.603,0.617,0.692,0.694,0.693
50,0.722,0.786,0.753,0.647,0.564,0.602,0.691,0.695,0.691
60,0.706,0.759,0.732,0.61,0.544,0.575,0.667,0.671,0.668
70,0.736,0.723,0.729,0.61,0.626,0.618,0.685,0.683,0.684
80,0.744,0.784,0.763,0.662,0.61,0.635,0.71,0.713,0.711
90,0.721,0.745,0.733,0.614,0.584,0.598,0.677,0.679,0.678
100,0.729,0.777,0.752,0.645,0.584,0.613,0.695,0.698,0.695
110,0.712,0.766,0.738,0.621,0.554,0.586,0.675,0.679,0.676
120,0.722,0.743,0.732,0.613,0.587,0.6,0.677,0.679,0.678
130,0.714,0.759,0.736,0.617,0.561,0.588,0.674,0.678,0.675
140,0.737,0.725,0.731,0.612,0.626,0.619,0.686,0.685,0.685
150,0.694,0.716,0.705,0.57,0.544,0.557,0.643,0.646,0.644