NumberOfTopics,Precision_F,Recall_F,F-Measure_F,Precision_B,Recall_B,F-Measure_B,Precision_W,Recall_W,F-Measure_W
10,0.703,0.85,0.77,0.69,0.482,0.568,0.698,0.699,0.687
20,0.749,0.782,0.765,0.664,0.623,0.643,0.715,0.717,0.715
30,0.769,0.72,0.744,0.631,0.689,0.658,0.713,0.707,0.709
40,0.779,0.723,0.75,0.638,0.705,0.67,0.722,0.715,0.717
50,0.82,0.716,0.765,0.654,0.774,0.709,0.752,0.74,0.742
60,0.798,0.7,0.746,0.632,0.744,0.684,0.73,0.718,0.72
70,0.769,0.705,0.735,0.62,0.695,0.655,0.708,0.701,0.703
80,0.797,0.723,0.758,0.647,0.734,0.688,0.736,0.728,0.729
90,0.77,0.748,0.759,0.651,0.679,0.665,0.722,0.719,0.72
100,0.77,0.748,0.759,0.651,0.679,0.665,0.722,0.719,0.72
110,0.777,0.745,0.761,0.653,0.692,0.672,0.726,0.723,0.725
120,0.805,0.777,0.791,0.694,0.728,0.71,0.759,0.757,0.758
130,0.766,0.757,0.761,0.655,0.666,0.66,0.72,0.719,0.72
140,0.763,0.741,0.752,0.642,0.669,0.655,0.714,0.711,0.712
150,0.785,0.732,0.758,0.648,0.711,0.678,0.729,0.723,0.725