NumberOfTopics,Precision_F,Recall_F,F-Measure_F,Precision_B,Recall_B,F-Measure_B,Precision_W,Recall_W,F-Measure_W
10,0.688,0.874,0.77,0.66,0.381,0.483,0.677,0.682,0.658
20,0.752,0.774,0.763,0.63,0.601,0.615,0.704,0.706,0.705
30,0.77,0.777,0.773,0.646,0.638,0.642,0.722,0.722,0.722
40,0.766,0.754,0.76,0.625,0.641,0.633,0.711,0.71,0.71
50,0.799,0.76,0.779,0.651,0.701,0.676,0.741,0.737,0.738
60,0.79,0.722,0.754,0.617,0.7,0.656,0.723,0.714,0.716
70,0.801,0.724,0.761,0.626,0.72,0.669,0.733,0.722,0.725
80,0.802,0.726,0.762,0.627,0.72,0.67,0.734,0.724,0.726
90,0.811,0.752,0.781,0.653,0.727,0.688,0.749,0.742,0.744
100,0.818,0.742,0.778,0.648,0.743,0.692,0.752,0.742,0.745
110,0.813,0.751,0.781,0.653,0.73,0.689,0.751,0.743,0.745
120,0.813,0.767,0.789,0.666,0.725,0.694,0.756,0.751,0.752
130,0.795,0.762,0.778,0.651,0.693,0.671,0.739,0.735,0.737
140,0.81,0.764,0.786,0.661,0.721,0.69,0.752,0.747,0.749
150,0.809,0.777,0.793,0.672,0.713,0.692,0.756,0.752,0.753