NumberOfTopics,Precision_F,Recall_F,F-Measure_F,Precision_B,Recall_B,F-Measure_B,Precision_W,Recall_W,F-Measure_W
10,0.684,0.878,0.769,0.66,0.368,0.472,0.675,0.679,0.653
20,0.713,0.824,0.765,0.638,0.482,0.549,0.683,0.691,0.68
30,0.734,0.856,0.79,0.696,0.515,0.592,0.719,0.723,0.713
40,0.747,0.799,0.772,0.648,0.578,0.611,0.709,0.713,0.709
50,0.743,0.829,0.784,0.674,0.553,0.608,0.716,0.721,0.715
60,0.749,0.738,0.743,0.6,0.614,0.607,0.691,0.689,0.69
70,0.757,0.798,0.777,0.655,0.6,0.627,0.717,0.721,0.718
80,0.76,0.765,0.763,0.63,0.624,0.627,0.709,0.71,0.71
90,0.777,0.738,0.757,0.621,0.668,0.644,0.716,0.711,0.713
100,0.712,0.847,0.774,0.661,0.465,0.546,0.692,0.698,0.685
110,0.73,0.792,0.76,0.626,0.543,0.581,0.689,0.695,0.69
120,0.795,0.665,0.724,0.583,0.732,0.649,0.712,0.691,0.695
130,0.78,0.704,0.74,0.599,0.691,0.642,0.71,0.699,0.702
140,0.76,0.723,0.741,0.598,0.643,0.62,0.697,0.692,0.694
150,0.709,0.861,0.777,0.673,0.448,0.538,0.695,0.699,0.684