NumberOfTopics,Precision_F,Recall_F,F-Measure_F,Precision_B,Recall_B,F-Measure_B,Precision_W,Recall_W,F-Measure_W
10,0.694,0.814,0.749,0.603,0.441,0.51,0.659,0.668,0.656
20,0.719,0.8,0.757,0.621,0.513,0.562,0.681,0.688,0.681
30,0.734,0.796,0.764,0.633,0.549,0.588,0.695,0.7,0.695
40,0.738,0.792,0.764,0.633,0.561,0.595,0.697,0.701,0.698
50,0.756,0.796,0.776,0.653,0.599,0.625,0.716,0.719,0.717
60,0.735,0.787,0.76,0.626,0.558,0.59,0.693,0.697,0.694
70,0.758,0.803,0.78,0.661,0.6,0.629,0.72,0.724,0.721
80,0.75,0.801,0.775,0.652,0.584,0.616,0.712,0.716,0.713
90,0.763,0.816,0.789,0.678,0.604,0.639,0.73,0.734,0.73
100,0.773,0.794,0.783,0.664,0.635,0.65,0.73,0.732,0.731
110,0.751,0.796,0.773,0.649,0.588,0.617,0.711,0.715,0.712
120,0.759,0.802,0.78,0.661,0.603,0.631,0.721,0.724,0.722
130,0.756,0.81,0.782,0.667,0.593,0.628,0.721,0.725,0.722
140,0.76,0.798,0.779,0.658,0.608,0.632,0.72,0.724,0.721
150,0.755,0.803,0.778,0.658,0.594,0.624,0.717,0.721,0.718