NumberOfTopics,Precision_F,Recall_F,F-Measure_F,Precision_B,Recall_B,F-Measure_B,Precision_W,Recall_W,F-Measure_W
10,0.778,0.916,0.842,0.623,0.346,0.445,0.734,0.754,0.728
20,0.802,0.869,0.834,0.585,0.463,0.517,0.74,0.753,0.744
30,0.809,0.852,0.83,0.573,0.498,0.533,0.742,0.751,0.745
40,0.831,0.845,0.838,0.595,0.571,0.583,0.764,0.767,0.765
50,0.859,0.827,0.842,0.603,0.659,0.63,0.786,0.779,0.782
60,0.854,0.817,0.835,0.587,0.651,0.618,0.778,0.77,0.773
70,0.86,0.815,0.837,0.59,0.667,0.626,0.783,0.773,0.777
80,0.858,0.818,0.838,0.592,0.66,0.624,0.782,0.773,0.777
90,0.866,0.797,0.83,0.575,0.69,0.628,0.783,0.766,0.772
100,0.876,0.828,0.851,0.62,0.706,0.66,0.803,0.793,0.797
110,0.888,0.799,0.841,0.597,0.747,0.664,0.805,0.784,0.791
120,0.868,0.821,0.844,0.605,0.687,0.643,0.793,0.783,0.787
130,0.87,0.81,0.839,0.595,0.697,0.642,0.792,0.778,0.783
140,0.873,0.838,0.855,0.632,0.696,0.662,0.804,0.797,0.8
150,0.872,0.828,0.85,0.618,0.696,0.655,0.8,0.79,0.794