NumberOfTopics,Precision_F,Recall_F,F-Measure_F,Precision_B,Recall_B,F-Measure_B,Precision_W,Recall_W,F-Measure_W
10,0.771,0.938,0.846,0.659,0.303,0.415,0.739,0.756,0.723
20,0.807,0.896,0.849,0.64,0.462,0.537,0.759,0.772,0.76
30,0.821,0.891,0.854,0.653,0.512,0.574,0.773,0.783,0.774
40,0.843,0.89,0.866,0.68,0.585,0.629,0.797,0.803,0.798
50,0.85,0.886,0.867,0.68,0.607,0.641,0.801,0.806,0.803
60,0.846,0.897,0.871,0.697,0.59,0.639,0.803,0.81,0.805
70,0.848,0.893,0.87,0.692,0.598,0.642,0.803,0.809,0.805
80,0.834,0.895,0.863,0.678,0.552,0.609,0.789,0.797,0.791
90,0.835,0.895,0.864,0.678,0.557,0.612,0.79,0.798,0.792
100,0.848,0.903,0.875,0.709,0.595,0.647,0.809,0.815,0.81
110,0.856,0.904,0.879,0.721,0.618,0.666,0.817,0.823,0.818
120,0.844,0.896,0.869,0.692,0.587,0.635,0.801,0.808,0.803
130,0.843,0.895,0.868,0.688,0.581,0.63,0.798,0.805,0.8
140,0.848,0.892,0.869,0.689,0.598,0.641,0.802,0.808,0.804
150,0.851,0.89,0.87,0.689,0.61,0.647,0.805,0.81,0.806