NumberOfTopics,Precision_F,Recall_F,F-Measure_F,Precision_B,Recall_B,F-Measure_B,Precision_W,Recall_W,F-Measure_W
10,0.761,0.95,0.845,0.67,0.254,0.368,0.735,0.752,0.709
20,0.796,0.886,0.839,0.602,0.432,0.503,0.741,0.756,0.743
30,0.819,0.891,0.853,0.649,0.505,0.568,0.77,0.781,0.772
40,0.835,0.876,0.855,0.646,0.567,0.604,0.781,0.788,0.784
50,0.845,0.867,0.856,0.644,0.601,0.622,0.787,0.791,0.789
60,0.834,0.872,0.853,0.638,0.564,0.599,0.778,0.784,0.78
70,0.826,0.869,0.847,0.622,0.541,0.579,0.768,0.775,0.77
80,0.801,0.873,0.835,0.589,0.455,0.513,0.74,0.754,0.744
90,0.813,0.864,0.838,0.596,0.504,0.546,0.751,0.761,0.754
100,0.825,0.888,0.856,0.654,0.529,0.585,0.777,0.786,0.779
110,0.836,0.903,0.868,0.695,0.555,0.617,0.795,0.804,0.796
120,0.83,0.871,0.85,0.63,0.552,0.589,0.773,0.78,0.775
130,0.83,0.887,0.857,0.657,0.544,0.595,0.78,0.789,0.782
140,0.823,0.877,0.849,0.631,0.528,0.575,0.768,0.777,0.771
150,0.829,0.892,0.859,0.666,0.538,0.595,0.782,0.791,0.784